SLIC Segment Boundaries
==================================================

Segment 1:
Area: 1980 pixels
Boundary points: 135
Coordinates (y,x):
[  (0.0,38.5),  (1.0,38.5),  (2.0,38.5),  (3.0,38.5),  (4.0,38.5), 
  (5.0,38.5),  (6.0,38.5),  (6.5,39.0),  (7.0,39.5),  (8.0,39.5), 
  (9.0,39.5),  (10.0,39.5),  (11.0,39.5),  (12.0,39.5),  (13.0,39.5), 
  (14.0,39.5),  (15.0,39.5),  (16.0,39.5),  (16.5,40.0),  (17.0,40.5), 
  (18.0,40.5),  (19.0,40.5),  (20.0,40.5),  (21.0,40.5),  (22.0,40.5), 
  (23.0,40.5),  (23.5,41.0),  (24.0,41.5),  (25.0,41.5),  (26.0,41.5), 
  (27.0,41.5),  (28.0,41.5),  (29.0,41.5),  (30.0,41.5),  (31.0,41.5), 
  (31.5,42.0),  (32.0,42.5),  (33.0,42.5),  (34.0,42.5),  (35.0,42.5), 
  (36.0,42.5),  (37.0,42.5),  (38.0,42.5),  (39.0,42.5),  (40.0,42.5), 
  (41.0,42.5),  (41.5,43.0),  (42.0,43.5),  (43.0,43.5),  (44.0,43.5), 
  (45.0,43.5),  (46.0,43.5),  (47.0,43.5),  (48.0,43.5),  (49.0,43.5), 
  (50.0,43.5),  (51.0,43.5),  (52.0,43.5),  (53.0,43.5),  (54.0,43.5), 
  (55.0,43.5),  (56.0,43.5),  (57.0,43.5),  (58.0,43.5),  (59.0,43.5), 
  (60.0,43.5),  (61.0,43.5),  (62.0,43.5),  (62.5,43.0),  (62.0,42.5), 
  (61.0,42.5),  (60.0,42.5),  (59.5,42.0),  (59.0,41.5),  (58.0,41.5), 
  (57.0,41.5),  (56.5,41.0),  (56.0,40.5),  (55.5,40.0),  (55.5,39.0), 
  (55.0,38.5),  (54.5,38.0),  (54.5,37.0),  (54.0,36.5),  (53.0,36.5), 
  (52.5,36.0),  (52.0,35.5),  (51.5,35.0),  (51.0,34.5),  (50.5,34.0), 
  (50.0,33.5),  (49.5,33.0),  (49.5,32.0),  (49.5,31.0),  (49.0,30.5), 
  (48.5,30.0),  (48.0,29.5),  (47.5,29.0),  (47.5,28.0),  (47.0,27.5), 
  (46.5,27.0),  (46.5,26.0),  (46.5,25.0),  (46.5,24.0),  (46.0,23.5), 
  (45.5,23.0),  (45.5,22.0),  (45.5,21.0),  (45.0,20.5),  (44.5,20.0), 
  (44.5,19.0),  (44.5,18.0),  (44.5,17.0),  (44.0,16.5),  (43.5,16.0), 
  (43.5,15.0),  (43.0,14.5),  (42.5,14.0),  (42.5,13.0),  (42.5,12.0), 
  (42.5,11.0),  (42.5,10.0),  (42.5,9.0),  (42.5,8.0),  (43.0,7.5), 
  (43.5,7.0),  (43.5,6.0),  (44.0,5.5),  (44.5,5.0),  (44.5,4.0), 
  (44.0,3.5),  (43.5,3.0),  (43.5,2.0),  (43.5,1.0),  (43.5,0.0), 
]
Segment 2:
Area: 178 pixels
Boundary points: 122
Coordinates (y,x):
[  (0.0,42.5),  (1.0,42.5),  (2.0,42.5),  (3.0,42.5),  (4.0,42.5), 
  (5.0,42.5),  (6.0,42.5),  (6.5,43.0),  (7.0,43.5),  (8.0,43.5), 
  (9.0,43.5),  (10.0,43.5),  (11.0,43.5),  (12.0,43.5),  (13.0,43.5), 
  (14.0,43.5),  (15.0,43.5),  (16.0,43.5),  (17.0,43.5),  (18.0,43.5), 
  (19.0,43.5),  (20.0,43.5),  (20.5,44.0),  (21.0,44.5),  (22.0,44.5), 
  (23.0,44.5),  (24.0,44.5),  (25.0,44.5),  (26.0,44.5),  (27.0,44.5), 
  (28.0,44.5),  (29.0,44.5),  (30.0,44.5),  (31.0,44.5),  (32.0,44.5), 
  (32.5,45.0),  (33.0,45.5),  (34.0,45.5),  (35.0,45.5),  (36.0,45.5), 
  (37.0,45.5),  (38.0,45.5),  (39.0,45.5),  (40.0,45.5),  (41.0,45.5), 
  (42.0,45.5),  (42.5,46.0),  (43.0,46.5),  (44.0,46.5),  (45.0,46.5), 
  (46.0,46.5),  (47.0,46.5),  (48.0,46.5),  (49.0,46.5),  (50.0,46.5), 
  (50.5,46.0),  (51.0,45.5),  (52.0,45.5),  (53.0,45.5),  (54.0,45.5), 
  (54.5,45.0),  (54.0,44.5),  (53.5,44.0),  (53.0,43.5),  (52.0,43.5), 
  (51.0,43.5),  (50.0,43.5),  (49.0,43.5),  (48.0,43.5),  (47.0,43.5), 
  (46.0,43.5),  (45.0,43.5),  (44.0,43.5),  (43.0,43.5),  (42.0,43.5), 
  (41.5,43.0),  (41.0,42.5),  (40.0,42.5),  (39.0,42.5),  (38.0,42.5), 
  (37.0,42.5),  (36.0,42.5),  (35.0,42.5),  (34.0,42.5),  (33.0,42.5), 
  (32.0,42.5),  (31.5,42.0),  (31.0,41.5),  (30.0,41.5),  (29.0,41.5), 
  (28.0,41.5),  (27.0,41.5),  (26.0,41.5),  (25.0,41.5),  (24.0,41.5), 
  (23.5,41.0),  (23.0,40.5),  (22.0,40.5),  (21.0,40.5),  (20.0,40.5), 
  (19.0,40.5),  (18.0,40.5),  (17.0,40.5),  (16.5,40.0),  (16.0,39.5), 
  (15.0,39.5),  (14.0,39.5),  (13.0,39.5),  (12.0,39.5),  (11.0,39.5), 
  (10.0,39.5),  (9.0,39.5),  (8.0,39.5),  (7.0,39.5),  (6.5,39.0), 
  (6.0,38.5),  (5.0,38.5),  (4.0,38.5),  (3.0,38.5),  (2.0,38.5), 
  (1.0,38.5),  (0.0,38.5), 
]
Segment 3:
Area: 2115 pixels
Boundary points: 167
Coordinates (y,x):
[  (43.5,0.0),  (43.5,1.0),  (43.5,2.0),  (43.5,3.0),  (44.0,3.5), 
  (44.5,4.0),  (44.5,5.0),  (44.0,5.5),  (43.5,6.0),  (43.5,7.0), 
  (43.0,7.5),  (42.5,8.0),  (42.5,9.0),  (42.5,10.0),  (42.5,11.0), 
  (42.5,12.0),  (42.5,13.0),  (42.5,14.0),  (43.0,14.5),  (43.5,15.0), 
  (43.5,16.0),  (44.0,16.5),  (44.5,17.0),  (44.5,18.0),  (44.5,19.0), 
  (44.5,20.0),  (45.0,20.5),  (45.5,21.0),  (45.5,22.0),  (45.5,23.0), 
  (46.0,23.5),  (46.5,24.0),  (46.5,25.0),  (46.5,26.0),  (46.5,27.0), 
  (47.0,27.5),  (47.5,28.0),  (47.5,29.0),  (48.0,29.5),  (48.5,30.0), 
  (49.0,30.5),  (49.5,31.0),  (49.5,32.0),  (49.5,33.0),  (50.0,33.5), 
  (50.5,34.0),  (51.0,34.5),  (51.5,35.0),  (52.0,35.5),  (52.5,36.0), 
  (53.0,36.5),  (54.0,36.5),  (54.5,37.0),  (54.5,38.0),  (55.0,38.5), 
  (55.5,39.0),  (55.5,40.0),  (56.0,40.5),  (56.5,41.0),  (57.0,41.5), 
  (58.0,41.5),  (59.0,41.5),  (59.5,42.0),  (60.0,42.5),  (61.0,42.5), 
  (62.0,42.5),  (62.5,43.0),  (63.0,43.5),  (63.5,44.0),  (64.0,44.5), 
  (65.0,44.5),  (66.0,44.5),  (67.0,44.5),  (68.0,44.5),  (69.0,44.5), 
  (70.0,44.5),  (71.0,44.5),  (72.0,44.5),  (73.0,44.5),  (74.0,44.5), 
  (75.0,44.5),  (75.5,45.0),  (76.0,45.5),  (77.0,45.5),  (78.0,45.5), 
  (79.0,45.5),  (80.0,45.5),  (81.0,45.5),  (82.0,45.5),  (83.0,45.5), 
  (84.0,45.5),  (84.5,46.0),  (85.0,46.5),  (86.0,46.5),  (87.0,46.5), 
  (88.0,46.5),  (89.0,46.5),  (90.0,46.5),  (91.0,46.5),  (92.0,46.5), 
  (93.0,46.5),  (93.5,47.0),  (94.0,47.5),  (95.0,47.5),  (96.0,47.5), 
  (97.0,47.5),  (97.5,47.0),  (97.5,46.0),  (97.0,45.5),  (96.5,45.0), 
  (96.0,44.5),  (95.0,44.5),  (94.0,44.5),  (93.5,44.0),  (93.0,43.5), 
  (92.5,43.0),  (92.0,42.5),  (91.5,42.0),  (91.0,41.5),  (90.5,41.0), 
  (91.0,40.5),  (91.5,40.0),  (92.0,39.5),  (92.5,39.0),  (93.0,38.5), 
  (93.5,38.0),  (93.5,37.0),  (93.5,36.0),  (93.5,35.0),  (93.5,34.0), 
  (93.5,33.0),  (93.5,32.0),  (93.5,31.0),  (93.5,30.0),  (93.5,29.0), 
  (93.5,28.0),  (93.5,27.0),  (93.5,26.0),  (93.5,25.0),  (93.5,24.0), 
  (93.5,23.0),  (93.5,22.0),  (93.5,21.0),  (93.5,20.0),  (94.0,19.5), 
  (94.5,19.0),  (94.5,18.0),  (94.5,17.0),  (94.5,16.0),  (94.5,15.0), 
  (94.5,14.0),  (94.5,13.0),  (94.5,12.0),  (94.5,11.0),  (95.0,10.5), 
  (95.5,10.0),  (95.5,9.0),  (95.0,8.5),  (94.5,8.0),  (94.5,7.0), 
  (94.5,6.0),  (94.5,5.0),  (94.5,4.0),  (94.5,3.0),  (94.5,2.0), 
  (94.5,1.0),  (94.5,0.0), 
]
Segment 4:
Area: 536 pixels
Boundary points: 351
Coordinates (y,x):
[  (194.5,55.0),  (194.0,54.5),  (193.0,54.5),  (192.5,55.0),  (192.5,56.0), 
  (192.5,57.0),  (192.0,57.5),  (191.5,58.0),  (191.5,59.0),  (191.0,59.5), 
  (190.0,59.5),  (189.0,59.5),  (188.0,59.5),  (187.0,59.5),  (186.0,59.5), 
  (185.0,59.5),  (184.5,59.0),  (184.0,58.5),  (183.0,58.5),  (182.0,58.5), 
  (181.0,58.5),  (180.0,58.5),  (179.0,58.5),  (178.0,58.5),  (177.5,58.0), 
  (177.0,57.5),  (176.0,57.5),  (175.0,57.5),  (174.0,57.5),  (173.0,57.5), 
  (172.0,57.5),  (171.0,57.5),  (170.0,57.5),  (169.5,57.0),  (169.0,56.5), 
  (168.0,56.5),  (167.0,56.5),  (166.0,56.5),  (165.0,56.5),  (164.0,56.5), 
  (163.0,56.5),  (162.0,56.5),  (161.5,56.0),  (161.0,55.5),  (160.0,55.5), 
  (159.0,55.5),  (158.0,55.5),  (157.0,55.5),  (156.5,55.0),  (156.0,54.5), 
  (155.0,54.5),  (154.0,54.5),  (153.0,54.5),  (152.0,54.5),  (151.5,54.0), 
  (151.0,53.5),  (150.0,53.5),  (149.0,53.5),  (148.0,53.5),  (147.0,53.5), 
  (146.0,53.5),  (145.0,53.5),  (144.5,53.0),  (144.0,52.5),  (143.0,52.5), 
  (142.0,52.5),  (141.0,52.5),  (140.0,52.5),  (139.0,52.5),  (138.0,52.5), 
  (137.0,52.5),  (136.0,52.5),  (135.5,52.0),  (135.0,51.5),  (134.0,51.5), 
  (133.0,51.5),  (132.0,51.5),  (131.0,51.5),  (130.0,51.5),  (129.0,51.5), 
  (128.5,51.0),  (128.0,50.5),  (127.0,50.5),  (126.0,50.5),  (125.0,50.5), 
  (124.0,50.5),  (123.0,50.5),  (122.0,50.5),  (121.5,50.0),  (121.0,49.5), 
  (120.0,49.5),  (119.0,49.5),  (118.0,49.5),  (117.0,49.5),  (116.0,49.5), 
  (115.0,49.5),  (114.5,49.0),  (114.0,48.5),  (113.0,48.5),  (112.0,48.5), 
  (111.0,48.5),  (110.0,48.5),  (109.0,48.5),  (108.0,48.5),  (107.0,48.5), 
  (106.0,48.5),  (105.0,48.5),  (104.0,48.5),  (103.5,48.0),  (103.0,47.5), 
  (102.0,47.5),  (101.0,47.5),  (100.0,47.5),  (99.0,47.5),  (98.0,47.5), 
  (97.0,47.5),  (96.0,47.5),  (95.0,47.5),  (94.0,47.5),  (93.5,47.0), 
  (93.0,46.5),  (92.0,46.5),  (91.0,46.5),  (90.0,46.5),  (89.0,46.5), 
  (88.0,46.5),  (87.0,46.5),  (86.0,46.5),  (85.0,46.5),  (84.5,46.0), 
  (84.0,45.5),  (83.0,45.5),  (82.0,45.5),  (81.0,45.5),  (80.0,45.5), 
  (79.0,45.5),  (78.0,45.5),  (77.0,45.5),  (76.0,45.5),  (75.5,45.0), 
  (75.0,44.5),  (74.0,44.5),  (73.0,44.5),  (72.0,44.5),  (71.0,44.5), 
  (70.0,44.5),  (69.0,44.5),  (68.0,44.5),  (67.0,44.5),  (66.0,44.5), 
  (65.0,44.5),  (64.0,44.5),  (63.5,44.0),  (63.0,43.5),  (62.0,43.5), 
  (61.0,43.5),  (60.0,43.5),  (59.0,43.5),  (58.0,43.5),  (57.0,43.5), 
  (56.0,43.5),  (55.0,43.5),  (54.0,43.5),  (53.5,44.0),  (54.0,44.5), 
  (54.5,45.0),  (54.0,45.5),  (53.0,45.5),  (52.0,45.5),  (51.0,45.5), 
  (50.5,46.0),  (51.0,46.5),  (52.0,46.5),  (52.5,47.0),  (53.0,47.5), 
  (54.0,47.5),  (55.0,47.5),  (56.0,47.5),  (57.0,47.5),  (58.0,47.5), 
  (59.0,47.5),  (60.0,47.5),  (61.0,47.5),  (62.0,47.5),  (62.5,48.0), 
  (63.0,48.5),  (64.0,48.5),  (65.0,48.5),  (66.0,48.5),  (67.0,48.5), 
  (68.0,48.5),  (69.0,48.5),  (70.0,48.5),  (71.0,48.5),  (72.0,48.5), 
  (73.0,48.5),  (74.0,48.5),  (75.0,48.5),  (76.0,48.5),  (77.0,48.5), 
  (78.0,48.5),  (78.5,49.0),  (79.0,49.5),  (80.0,49.5),  (80.5,50.0), 
  (81.0,50.5),  (82.0,50.5),  (83.0,50.5),  (84.0,50.5),  (85.0,50.5), 
  (86.0,50.5),  (87.0,50.5),  (88.0,50.5),  (89.0,50.5),  (90.0,50.5), 
  (91.0,50.5),  (92.0,50.5),  (92.5,51.0),  (93.0,51.5),  (94.0,51.5), 
  (95.0,51.5),  (96.0,51.5),  (97.0,51.5),  (98.0,51.5),  (99.0,51.5), 
  (100.0,51.5),  (101.0,51.5),  (102.0,51.5),  (103.0,51.5),  (104.0,51.5), 
  (105.0,51.5),  (106.0,51.5),  (106.5,52.0),  (107.0,52.5),  (108.0,52.5), 
  (109.0,52.5),  (110.0,52.5),  (111.0,52.5),  (112.0,52.5),  (112.5,53.0), 
  (113.0,53.5),  (114.0,53.5),  (115.0,53.5),  (116.0,53.5),  (117.0,53.5), 
  (118.0,53.5),  (119.0,53.5),  (120.0,53.5),  (121.0,53.5),  (122.0,53.5), 
  (122.5,54.0),  (123.0,54.5),  (124.0,54.5),  (125.0,54.5),  (126.0,54.5), 
  (127.0,54.5),  (128.0,54.5),  (129.0,54.5),  (130.0,54.5),  (130.5,55.0), 
  (131.0,55.5),  (132.0,55.5),  (133.0,55.5),  (134.0,55.5),  (135.0,55.5), 
  (136.0,55.5),  (137.0,55.5),  (138.0,55.5),  (138.5,56.0),  (139.0,56.5), 
  (140.0,56.5),  (141.0,56.5),  (142.0,56.5),  (142.5,57.0),  (143.0,57.5), 
  (143.5,58.0),  (144.0,58.5),  (145.0,58.5),  (146.0,58.5),  (147.0,58.5), 
  (148.0,58.5),  (148.5,59.0),  (149.0,59.5),  (150.0,59.5),  (151.0,59.5), 
  (152.0,59.5),  (153.0,59.5),  (154.0,59.5),  (154.5,59.0),  (154.5,58.0), 
  (154.5,57.0),  (155.0,56.5),  (156.0,56.5),  (157.0,56.5),  (157.5,57.0), 
  (158.0,57.5),  (159.0,57.5),  (159.5,58.0),  (160.0,58.5),  (160.5,58.0), 
  (161.0,57.5),  (162.0,57.5),  (163.0,57.5),  (164.0,57.5),  (165.0,57.5), 
  (166.0,57.5),  (167.0,57.5),  (167.5,58.0),  (168.0,58.5),  (169.0,58.5), 
  (170.0,58.5),  (170.5,59.0),  (171.0,59.5),  (171.5,60.0),  (172.0,60.5), 
  (173.0,60.5),  (174.0,60.5),  (174.5,61.0),  (175.0,61.5),  (176.0,61.5), 
  (177.0,61.5),  (178.0,61.5),  (178.5,62.0),  (179.0,62.5),  (180.0,62.5), 
  (181.0,62.5),  (182.0,62.5),  (183.0,62.5),  (184.0,62.5),  (184.5,63.0), 
  (185.0,63.5),  (186.0,63.5),  (187.0,63.5),  (187.5,64.0),  (188.0,64.5), 
  (189.0,64.5),  (190.0,64.5),  (191.0,64.5),  (191.5,64.0),  (191.5,63.0), 
  (191.5,62.0),  (192.0,61.5),  (192.5,61.0),  (192.5,60.0),  (193.0,59.5), 
  (193.5,59.0),  (193.5,58.0),  (193.5,57.0),  (193.5,56.0),  (194.0,55.5), 
  (194.5,55.0), 
]
Segment 5:
Area: 2472 pixels
Boundary points: 167
Coordinates (y,x):
[  (94.5,0.0),  (94.5,1.0),  (94.5,2.0),  (94.5,3.0),  (94.5,4.0), 
  (94.5,5.0),  (94.5,6.0),  (94.5,7.0),  (94.5,8.0),  (95.0,8.5), 
  (95.5,9.0),  (95.5,10.0),  (95.0,10.5),  (94.5,11.0),  (94.5,12.0), 
  (94.5,13.0),  (94.5,14.0),  (94.5,15.0),  (94.5,16.0),  (94.5,17.0), 
  (94.5,18.0),  (94.5,19.0),  (94.0,19.5),  (93.5,20.0),  (93.5,21.0), 
  (93.5,22.0),  (93.5,23.0),  (93.5,24.0),  (93.5,25.0),  (93.5,26.0), 
  (93.5,27.0),  (93.5,28.0),  (93.5,29.0),  (93.5,30.0),  (93.5,31.0), 
  (93.5,32.0),  (93.5,33.0),  (93.5,34.0),  (93.5,35.0),  (93.5,36.0), 
  (93.5,37.0),  (93.5,38.0),  (93.0,38.5),  (92.5,39.0),  (92.0,39.5), 
  (91.5,40.0),  (91.0,40.5),  (90.5,41.0),  (91.0,41.5),  (91.5,42.0), 
  (92.0,42.5),  (92.5,43.0),  (93.0,43.5),  (93.5,44.0),  (94.0,44.5), 
  (95.0,44.5),  (96.0,44.5),  (96.5,45.0),  (97.0,45.5),  (97.5,46.0), 
  (97.5,47.0),  (98.0,47.5),  (99.0,47.5),  (100.0,47.5),  (101.0,47.5), 
  (102.0,47.5),  (103.0,47.5),  (103.5,48.0),  (104.0,48.5),  (105.0,48.5), 
  (106.0,48.5),  (107.0,48.5),  (108.0,48.5),  (109.0,48.5),  (110.0,48.5), 
  (111.0,48.5),  (112.0,48.5),  (113.0,48.5),  (114.0,48.5),  (114.5,49.0), 
  (115.0,49.5),  (116.0,49.5),  (117.0,49.5),  (118.0,49.5),  (119.0,49.5), 
  (120.0,49.5),  (121.0,49.5),  (121.5,50.0),  (122.0,50.5),  (123.0,50.5), 
  (124.0,50.5),  (125.0,50.5),  (126.0,50.5),  (127.0,50.5),  (128.0,50.5), 
  (128.5,51.0),  (129.0,51.5),  (130.0,51.5),  (131.0,51.5),  (132.0,51.5), 
  (133.0,51.5),  (134.0,51.5),  (135.0,51.5),  (135.5,52.0),  (136.0,52.5), 
  (137.0,52.5),  (138.0,52.5),  (139.0,52.5),  (139.5,52.0),  (140.0,51.5), 
  (141.0,51.5),  (141.5,51.0),  (141.5,50.0),  (141.5,49.0),  (141.5,48.0), 
  (141.5,47.0),  (141.5,46.0),  (141.5,45.0),  (141.5,44.0),  (142.0,43.5), 
  (142.5,43.0),  (142.5,42.0),  (142.5,41.0),  (142.5,40.0),  (142.5,39.0), 
  (142.5,38.0),  (142.5,37.0),  (142.5,36.0),  (142.5,35.0),  (143.0,34.5), 
  (143.5,34.0),  (143.5,33.0),  (143.5,32.0),  (143.5,31.0),  (143.5,30.0), 
  (143.5,29.0),  (143.5,28.0),  (143.5,27.0),  (143.5,26.0),  (143.5,25.0), 
  (143.5,24.0),  (143.5,23.0),  (143.5,22.0),  (143.5,21.0),  (143.5,20.0), 
  (143.5,19.0),  (143.5,18.0),  (143.5,17.0),  (143.5,16.0),  (143.5,15.0), 
  (143.5,14.0),  (143.5,13.0),  (143.5,12.0),  (143.5,11.0),  (143.5,10.0), 
  (143.5,9.0),  (143.5,8.0),  (144.0,7.5),  (144.5,7.0),  (144.5,6.0), 
  (144.5,5.0),  (144.5,4.0),  (144.5,3.0),  (145.0,2.5),  (145.5,2.0), 
  (145.5,1.0),  (145.5,0.0), 
]
Segment 6:
Area: 141 pixels
Boundary points: 61
Coordinates (y,x):
[  (191.5,69.0),  (191.5,68.0),  (192.0,67.5),  (192.5,67.0),  (192.5,66.0), 
  (192.5,65.0),  (192.5,64.0),  (192.5,63.0),  (193.0,62.5),  (193.5,62.0), 
  (193.5,61.0),  (193.5,60.0),  (193.0,59.5),  (192.5,60.0),  (192.5,61.0), 
  (192.0,61.5),  (191.5,62.0),  (191.5,63.0),  (191.5,64.0),  (191.0,64.5), 
  (190.0,64.5),  (189.0,64.5),  (188.0,64.5),  (187.5,64.0),  (187.0,63.5), 
  (186.0,63.5),  (185.0,63.5),  (184.5,63.0),  (184.0,62.5),  (183.0,62.5), 
  (182.0,62.5),  (181.0,62.5),  (180.0,62.5),  (179.0,62.5),  (178.5,62.0), 
  (178.0,61.5),  (177.0,61.5),  (176.0,61.5),  (175.5,62.0),  (176.0,62.5), 
  (176.5,63.0),  (177.0,63.5),  (177.5,64.0),  (178.0,64.5),  (178.5,65.0), 
  (179.0,65.5),  (179.5,66.0),  (180.0,66.5),  (181.0,66.5),  (182.0,66.5), 
  (183.0,66.5),  (184.0,66.5),  (185.0,66.5),  (186.0,66.5),  (187.0,66.5), 
  (188.0,66.5),  (188.5,67.0),  (189.0,67.5),  (189.5,68.0),  (190.0,68.5), 
  (190.5,69.0), 
]
Segment 7:
Area: 2996 pixels
Boundary points: 187
Coordinates (y,x):
[  (145.5,0.0),  (145.5,1.0),  (145.5,2.0),  (145.0,2.5),  (144.5,3.0), 
  (144.5,4.0),  (144.5,5.0),  (144.5,6.0),  (144.5,7.0),  (144.0,7.5), 
  (143.5,8.0),  (143.5,9.0),  (143.5,10.0),  (143.5,11.0),  (143.5,12.0), 
  (143.5,13.0),  (143.5,14.0),  (143.5,15.0),  (143.5,16.0),  (143.5,17.0), 
  (143.5,18.0),  (143.5,19.0),  (143.5,20.0),  (143.5,21.0),  (143.5,22.0), 
  (143.5,23.0),  (143.5,24.0),  (143.5,25.0),  (143.5,26.0),  (143.5,27.0), 
  (143.5,28.0),  (143.5,29.0),  (143.5,30.0),  (143.5,31.0),  (143.5,32.0), 
  (143.5,33.0),  (143.5,34.0),  (143.0,34.5),  (142.5,35.0),  (142.5,36.0), 
  (142.5,37.0),  (142.5,38.0),  (142.5,39.0),  (142.5,40.0),  (142.5,41.0), 
  (142.5,42.0),  (142.5,43.0),  (142.0,43.5),  (141.5,44.0),  (141.5,45.0), 
  (141.5,46.0),  (141.5,47.0),  (141.5,48.0),  (141.5,49.0),  (141.5,50.0), 
  (141.5,51.0),  (141.0,51.5),  (140.0,51.5),  (139.5,52.0),  (140.0,52.5), 
  (141.0,52.5),  (142.0,52.5),  (143.0,52.5),  (144.0,52.5),  (144.5,53.0), 
  (145.0,53.5),  (146.0,53.5),  (147.0,53.5),  (148.0,53.5),  (149.0,53.5), 
  (150.0,53.5),  (151.0,53.5),  (151.5,54.0),  (152.0,54.5),  (153.0,54.5), 
  (154.0,54.5),  (155.0,54.5),  (156.0,54.5),  (156.5,55.0),  (157.0,55.5), 
  (158.0,55.5),  (159.0,55.5),  (160.0,55.5),  (161.0,55.5),  (161.5,56.0), 
  (162.0,56.5),  (163.0,56.5),  (164.0,56.5),  (165.0,56.5),  (166.0,56.5), 
  (167.0,56.5),  (168.0,56.5),  (169.0,56.5),  (169.5,57.0),  (170.0,57.5), 
  (171.0,57.5),  (172.0,57.5),  (173.0,57.5),  (174.0,57.5),  (175.0,57.5), 
  (176.0,57.5),  (177.0,57.5),  (177.5,58.0),  (178.0,58.5),  (179.0,58.5), 
  (180.0,58.5),  (181.0,58.5),  (182.0,58.5),  (183.0,58.5),  (184.0,58.5), 
  (184.5,59.0),  (185.0,59.5),  (186.0,59.5),  (187.0,59.5),  (188.0,59.5), 
  (189.0,59.5),  (190.0,59.5),  (191.0,59.5),  (191.5,59.0),  (191.5,58.0), 
  (192.0,57.5),  (192.5,57.0),  (192.5,56.0),  (192.5,55.0),  (193.0,54.5), 
  (194.0,54.5),  (194.5,54.0),  (194.5,53.0),  (194.5,52.0),  (194.5,51.0), 
  (194.5,50.0),  (194.5,49.0),  (195.0,48.5),  (195.5,48.0),  (195.5,47.0), 
  (195.5,46.0),  (195.5,45.0),  (195.5,44.0),  (195.5,43.0),  (195.5,42.0), 
  (195.5,41.0),  (195.5,40.0),  (195.5,39.0),  (195.5,38.0),  (195.5,37.0), 
  (195.5,36.0),  (195.5,35.0),  (195.5,34.0),  (195.5,33.0),  (196.0,32.5), 
  (196.5,32.0),  (196.5,31.0),  (196.5,30.0),  (196.5,29.0),  (196.5,28.0), 
  (196.5,27.0),  (196.5,26.0),  (196.5,25.0),  (196.5,24.0),  (196.5,23.0), 
  (196.5,22.0),  (196.5,21.0),  (196.5,20.0),  (196.5,19.0),  (196.5,18.0), 
  (196.5,17.0),  (196.5,16.0),  (196.5,15.0),  (196.5,14.0),  (196.5,13.0), 
  (196.5,12.0),  (196.5,11.0),  (196.5,10.0),  (196.5,9.0),  (196.5,8.0), 
  (196.5,7.0),  (196.5,6.0),  (196.0,5.5),  (195.5,5.0),  (195.5,4.0), 
  (195.5,3.0),  (195.0,2.5),  (194.5,2.0),  (194.5,1.0),  (194.0,0.5), 
  (193.0,0.5),  (192.5,0.0), 
]